[gd_scene load_steps=66 format=2]

[ext_resource path="res://maps/geometry/HouseGeometry.tscn" type="PackedScene" id=1]
[ext_resource path="res://assets/textures/pbr/Rocks_08.png" type="Texture" id=2]
[ext_resource path="res://assets/textures/pbr/Water_002/Water_002_ao.png" type="Texture" id=3]
[ext_resource path="res://assets/textures/pbr/Rocks_08/Rocks_08_ao.png" type="Texture" id=4]
[ext_resource path="res://assets/textures/pbr/Rocks_08/Rocks_08_depth.png" type="Texture" id=5]
[ext_resource path="res://assets/textures/pbr/Rocks_08/Rocks_08_normal.png" type="Texture" id=6]
[ext_resource path="res://assets/textures/pbr/water_uv_offset.png" type="Texture" id=7]
[ext_resource path="res://assets/textures/pbr/Water_002/Water_002_normal.png" type="Texture" id=8]
[ext_resource path="res://assets/textures/pbr/Water_002/Water_002_depth.png" type="Texture" id=9]
[ext_resource path="res://assets/textures/pbr/Water_002/Water_002_roughness.png" type="Texture" id=10]
[ext_resource path="res://maps/environs/ShoreMapEnv.tres" type="Environment" id=11]
[ext_resource path="res://objects/Table.tscn" type="PackedScene" id=12]
[ext_resource path="res://objects/PictureFrame.tscn" type="PackedScene" id=13]
[ext_resource path="res://objects/Stall.tscn" type="PackedScene" id=14]
[ext_resource path="res://objects/TVStand.tscn" type="PackedScene" id=15]
[ext_resource path="res://objects/Curtain.tscn" type="PackedScene" id=16]
[ext_resource path="res://objects/Wind.tscn" type="PackedScene" id=17]
[ext_resource path="res://assets/textures/pbr/Rocks_08/Rocks_08_roughness.png" type="Texture" id=18]
[ext_resource path="res://objects/StallRed.tscn" type="PackedScene" id=19]
[ext_resource path="res://objects/HangingLamp.tscn" type="PackedScene" id=20]
[ext_resource path="res://objects/BookShelf.tscn" type="PackedScene" id=21]
[ext_resource path="res://objects/Stand.tscn" type="PackedScene" id=22]
[ext_resource path="res://maps/ShoreMap.gd" type="Script" id=23]
[ext_resource path="res://objects/BarGate.tscn" type="PackedScene" id=24]
[ext_resource path="res://assets/audio/ambient/ocean.wav" type="AudioStream" id=25]
[ext_resource path="res://assets/textures/pbr/brown_mud_03/brown_mud_03_normal.png" type="Texture" id=26]
[ext_resource path="res://objects/BeverageRefrigerator.tscn" type="PackedScene" id=27]
[ext_resource path="res://objects/Book.tscn" type="PackedScene" id=28]
[ext_resource path="res://objects/SlideDoor.tscn" type="PackedScene" id=29]
[ext_resource path="res://assets/models/godette.gltf" type="PackedScene" id=30]
[ext_resource path="res://objects/IceCreamRefrigerator.tscn" type="PackedScene" id=31]
[ext_resource path="res://objects/Gachapon.tscn" type="PackedScene" id=32]
[ext_resource path="res://assets/models/BokuYuuka.glb" type="PackedScene" id=33]
[ext_resource path="res://objects/HangingGlass.tscn" type="PackedScene" id=34]
[ext_resource path="res://objects/GoldenGodetue.tscn" type="PackedScene" id=35]
[ext_resource path="res://objects/Bench.tscn" type="PackedScene" id=36]
[ext_resource path="res://objects/Signature.tscn" type="PackedScene" id=37]
[ext_resource path="res://objects/Bottle.tscn" type="PackedScene" id=38]
[ext_resource path="res://objects/Sunshade.tscn" type="PackedScene" id=39]
[ext_resource path="res://objects/CrateStatic.tscn" type="PackedScene" id=40]
[ext_resource path="res://objects/Clock.tscn" type="PackedScene" id=41]
[ext_resource path="res://actors/Player.tscn" type="PackedScene" id=42]
[ext_resource path="res://assets/models/PlantPot.glb" type="PackedScene" id=43]
[ext_resource path="res://assets/models/WaterPot.glb" type="PackedScene" id=44]
[ext_resource path="res://assets/textures/materials/WindowGlass.tres" type="Material" id=45]
[ext_resource path="res://assets/materials/GlassAdditive.tres" type="Material" id=46]

[sub_resource type="GDScript" id=1]
script/source = "tool
extends Camera

export var change_pos: = false setget _change_position
var current_pos: int = 0

export var add_view_cam: = false setget _add_view_cam

func _change_position(new_state) -> void:
	if not has_node(\"Positions\"):
		return
	var num_pos: = $Positions.get_child_count()
	
	current_pos = (current_pos + 1) % num_pos
	var pos_node: = $Positions.get_child(current_pos)
	
	translation = pos_node.translation
	rotation_degrees = pos_node.rotation_degrees
	print(pos_node.name)

func _add_view_cam(new_state) -> void:
	pass

func _input(event: InputEvent) -> void:
	if not Engine.editor_hint:
		if event.is_action_pressed(\"ui_focus_next\"):
			self.change_pos = true
"

[sub_resource type="CubeMesh" id=2]
material = ExtResource( 45 )
size = Vector3( 16, 0.1, 1.8 )

[sub_resource type="CubeMesh" id=3]
material = ExtResource( 45 )
size = Vector3( 3.8, 0.1, 3 )

[sub_resource type="CubeMesh" id=4]
material = ExtResource( 45 )
size = Vector3( 3.8, 0.1, 6 )

[sub_resource type="CubeMesh" id=5]
material = ExtResource( 46 )
size = Vector3( 1.9, 0.1, 3 )

[sub_resource type="SphereMesh" id=6]

[sub_resource type="SpatialMaterial" id=7]
metallic = 1.0
roughness = 0.0

[sub_resource type="CylinderMesh" id=8]
top_radius = 0.45
bottom_radius = 0.42
height = 0.05

[sub_resource type="CylinderMesh" id=9]
top_radius = 0.12
bottom_radius = 0.13
height = 0.4

[sub_resource type="CylinderMesh" id=10]
top_radius = 0.06
bottom_radius = 0.09
height = 0.5

[sub_resource type="CylinderMesh" id=11]
top_radius = 0.06
bottom_radius = 0.08
height = 0.2

[sub_resource type="CylinderMesh" id=12]
top_radius = 0.06
bottom_radius = 0.09
height = 0.3

[sub_resource type="CubeMesh" id=13]
size = Vector3( 1.4, 0.05, 0.6 )

[sub_resource type="CubeMesh" id=19]
size = Vector3( 0.15, 0.6, 0.55 )

[sub_resource type="SpatialMaterial" id=14]
flags_transparent = true
albedo_color = Color( 0.282353, 0.321569, 0.345098, 0.74902 )
metallic = 0.28
metallic_specular = 0.87
roughness = 0.25
roughness_texture = ExtResource( 10 )
normal_enabled = true
normal_scale = 1.0
normal_texture = ExtResource( 8 )
ao_enabled = true
ao_light_affect = 0.0
ao_texture = ExtResource( 3 )
ao_on_uv2 = false
ao_texture_channel = 0
depth_enabled = true
depth_scale = 0.05
depth_deep_parallax = false
depth_flip_tangent = false
depth_flip_binormal = false
depth_texture = ExtResource( 9 )
refraction_enabled = true
refraction_scale = 0.06
refraction_texture = ExtResource( 26 )
refraction_texture_channel = 0
detail_enabled = true
detail_mask = ExtResource( 7 )
detail_blend_mode = 3
detail_uv_layer = 0
detail_normal = ExtResource( 7 )

[sub_resource type="PlaneMesh" id=15]
material = SubResource( 14 )
size = Vector2( 150, 200 )
subdivide_width = 200
subdivide_depth = 200

[sub_resource type="SpatialMaterial" id=16]
albedo_texture = ExtResource( 2 )
roughness_texture = ExtResource( 18 )
normal_enabled = true
normal_scale = 1.5
normal_texture = ExtResource( 6 )
ao_enabled = true
ao_light_affect = 1.0
ao_texture = ExtResource( 4 )
ao_on_uv2 = false
ao_texture_channel = 0
depth_enabled = true
depth_scale = 0.05
depth_deep_parallax = true
depth_min_layers = 8
depth_max_layers = 32
depth_flip_tangent = false
depth_flip_binormal = false
depth_texture = ExtResource( 5 )
uv1_scale = Vector3( 0.08, 0.08, 0.08 )
uv1_triplanar = true

[sub_resource type="PlaneMesh" id=17]
material = SubResource( 16 )
size = Vector2( 150, 200 )

[sub_resource type="GIProbeData" id=18]
bounds = AABB( -79.8693, -27, -151.196, 159.739, 54, 302.392 )
cell_size = 2.36244
to_cell_xform = Transform( 0.423292, 0, 0, 0, 0.423292, 0, 0, 0, 0.423292, 33.808, 11.4289, 64 )
dynamic_data = PoolIntArray( 0, 8, 128, 32, 128, 1, 0, 0, 0, 1098907648, 1098907648, 0, 945704112, 0, 0, 0, -1, -1, -1, -1, -1, -1, -1, -1, 0, 0, 8355711, 0 )
energy = 0.8
bias = 1.5
normal_bias = 0.3
propagation = 0.3

[node name="ShoreMap" type="Node"]
script = ExtResource( 23 )

[node name="WorldEnvironment" type="WorldEnvironment" parent="."]
environment = ExtResource( 11 )

[node name="DirectionalLight" type="DirectionalLight" parent="."]
transform = Transform( -0.934226, 0.253195, -0.251225, -0.35668, -0.664955, 0.656212, -0.000903713, 0.702657, 0.711528, 0, 9.5352, 12.2218 )
light_color = Color( 0.976471, 0.972549, 0.929412, 1 )
shadow_enabled = true
shadow_bias = 0.0
directional_shadow_blend_splits = true

[node name="Positions" type="Node" parent="DirectionalLight"]

[node name="SunsetLongShadow" type="Position3D" parent="DirectionalLight/Positions"]
transform = Transform( 0.670704, 0.642966, 0.369799, -0.741202, 0.599717, 0.301596, -0.0278587, -0.476377, 0.8788, 0, 0, 0 )
__meta__ = {
"_editor_description_": ""
}

[node name="Base" type="Position3D" parent="DirectionalLight/Positions"]
transform = Transform( -0.796472, -0.00558552, -0.60465, -0.330242, -0.833635, 0.44271, -0.50653, 0.552287, 0.662123, 0, 9.5352, 12.2218 )
__meta__ = {
"_editor_description_": ""
}

[node name="Base2" type="Position3D" parent="DirectionalLight/Positions"]
transform = Transform( -0.933522, 0.280948, -0.222719, -0.35668, -0.664955, 0.656212, 0.0362632, 0.692028, 0.720959, 0, 9.5352, 12.2218 )
__meta__ = {
"_editor_description_": ""
}

[node name="Camera" type="Camera" parent="."]
transform = Transform( -0.642788, -0.0933573, -0.760334, 0, 0.992546, -0.121869, 0.766044, -0.0783361, -0.637996, -5.7, 10, 8.7 )
script = SubResource( 1 )
__meta__ = {
"_editor_description_": ""
}
change_pos = false
add_view_cam = false

[node name="Positions" type="Node" parent="Camera"]

[node name="FromFrontDoor" type="Position3D" parent="Camera/Positions"]
transform = Transform( -0.642788, -0.0933573, -0.760334, 0, 0.992546, -0.121869, 0.766045, -0.0783361, -0.637996, -5.7, 10, 8.7 )

[node name="SeaToHouse" type="Position3D" parent="Camera/Positions"]
transform = Transform( 1, 0, 0, 0, 0.809017, 0.587785, 0, -0.587785, 0.809017, 0.1, 15.3, 23.8 )

[node name="FromKitchen" type="Position3D" parent="Camera/Positions"]
transform = Transform( -0.798636, -0.0524516, 0.599525, 0, 0.996195, 0.0871557, -0.601815, 0.0696057, -0.795597, 3.4, 11.9, 4.1 )

[node name="FromStair" type="Position3D" parent="Camera/Positions"]
transform = Transform( -0.694659, -0.0751915, 0.715399, 0, 0.994522, 0.104529, -0.71934, 0.0726116, -0.690853, 8.6, 12.2, 16.4 )

[node name="ThroughWindow" type="Position3D" parent="Camera/Positions"]
transform = Transform( 0.994522, 0.0323011, 0.0994125, 0, 0.951056, -0.309017, -0.104528, 0.307324, 0.945847, -0.6, 10.6, 27.1 )

[node name="GullsEyeView" type="Position3D" parent="Camera/Positions"]
transform = Transform( 0.956305, 0.159237, -0.245204, 0, 0.83867, 0.544639, 0.292372, -0.52084, 0.802025, -6.6, 26.2, 43.9 )

[node name="GoDoIce" type="Position3D" parent="Camera/Positions"]
transform = Transform( 0.743145, 0.303779, -0.5962, 0, 0.891006, 0.453991, 0.669131, -0.33738, 0.662147, -8.4, 9.6, 4.8 )

[node name="GoldenDoor" type="Position3D" parent="Camera/Positions"]
transform = Transform( -0.970296, 0.0210848, -0.241001, 0, 0.996194, 0.0871558, 0.241921, 0.0845668, -0.966604, 8, 9.3, 5.1 )

[node name="Structures" type="Node" parent="."]

[node name="HouseGeometry" parent="Structures" instance=ExtResource( 1 )]
transform = Transform( 1, 0, 0, 0, 1, 0, 0, 0, 1, 0, 6, 0 )

[node name="Sunshade" parent="Structures" instance=ExtResource( 39 )]
transform = Transform( 1, 0, 0, 0, 1, 0, 0, 0, 1, -12.492, 13.375, 4.269 )

[node name="GlassTest" type="Node" parent="Structures"]

[node name="TestGlass" type="MeshInstance" parent="Structures/GlassTest"]
transform = Transform( 0.999998, 0, -0.00221657, 0.00221657, -4.37114e-08, 0.999998, -9.68892e-11, -1, -4.37113e-08, 1.989, 13.7, 24.25 )
mesh = SubResource( 2 )
material/0 = null

[node name="TestGlass11" type="MeshInstance" parent="Structures/GlassTest"]
transform = Transform( -1.76867e-05, -1, 0, 0.00218149, -3.85832e-08, 0.999998, -0.999998, 1.76866e-05, 0.00218149, -10.253, 13.7, 7.94758 )
mesh = SubResource( 2 )
material/0 = null

[node name="TestGlass2" type="MeshInstance" parent="Structures/GlassTest"]
transform = Transform( 0.999998, 0, -0.00221657, 0.00221657, -4.37114e-08, 0.999998, -9.68892e-11, -1, -4.37113e-08, -3.959, 11.074, 24.25 )
mesh = SubResource( 3 )
material/0 = null

[node name="TestGlass7" type="MeshInstance" parent="Structures/GlassTest"]
transform = Transform( -4.38082e-08, -1, -4.36144e-08, 0.00221657, -4.37114e-08, 0.999998, -0.999998, 4.37114e-08, 0.00221657, -6.18282, 11.074, 22.0393 )
mesh = SubResource( 3 )
material/0 = null

[node name="TestGlass8" type="MeshInstance" parent="Structures/GlassTest"]
transform = Transform( -4.38082e-08, -1, -4.36144e-08, 0.00221657, -4.37114e-08, 0.999998, -0.999998, 4.37114e-08, 0.00221657, -6.25282, 14.374, 22.0393 )
mesh = SubResource( 3 )
material/0 = null

[node name="TestGlass3" type="MeshInstance" parent="Structures/GlassTest"]
transform = Transform( -0.999998, 1.78496e-05, 0.00218149, 0.00218149, -3.85832e-08, 0.999998, 1.78496e-05, 1, -3.55409e-10, 0.140679, 9.46044, 24.3222 )
mesh = SubResource( 4 )
material/0 = null

[node name="TestGlass4" type="MeshInstance" parent="Structures/GlassTest"]
transform = Transform( -1.62921e-07, 1, -1.62921e-07, 0, -1.62921e-07, -1, -1, -1.62921e-07, 2.65431e-14, -10.4128, 9.32646, 2.11126 )
mesh = SubResource( 4 )
material/0 = null

[node name="TestGlass9" type="MeshInstance" parent="Structures/GlassTest"]
transform = Transform( -1.62921e-07, -1, 0, -1.62921e-07, 2.65431e-14, -1, 1, -1.62921e-07, -1.62921e-07, -10.3824, 9.32646, 10.2057 )
mesh = SubResource( 4 )
material/0 = null

[node name="TestGlass10" type="MeshInstance" parent="Structures/GlassTest"]
transform = Transform( -1.62921e-07, -1, 0, -1.62921e-07, 2.65431e-14, -1, 1, -1.62921e-07, -1.62921e-07, -10.1148, 9.32646, 13.9731 )
mesh = SubResource( 4 )
material/0 = null

[node name="TestGlass5" type="MeshInstance" parent="Structures/GlassTest"]
transform = Transform( 0.999998, 0, -0.00221657, 0.00221657, -4.37114e-08, 0.999998, -9.68892e-11, -1, -4.37113e-08, 8.96518, 11.074, 24.3431 )
mesh = SubResource( 5 )
material/0 = null

[node name="TestGlass12" type="MeshInstance" parent="Structures/GlassTest"]
transform = Transform( 0.999998, 0, -0.00221657, 0.00221657, -4.37114e-08, 0.999998, -9.68892e-11, -1, -4.37113e-08, -6.99791, 11.074, -0.188099 )
mesh = SubResource( 5 )
material/0 = null

[node name="TestGlass13" type="MeshInstance" parent="Structures/GlassTest"]
transform = Transform( 0.999998, 0, -0.00221657, 0.00221657, -4.37114e-08, 0.999998, -9.68892e-11, -1, -4.37113e-08, -4.94541, 11.074, -0.308152 )
mesh = SubResource( 5 )
material/0 = null

[node name="TestGlass6" type="MeshInstance" parent="Structures/GlassTest"]
transform = Transform( 0.999998, 0, -0.00221657, 0.00221657, -4.37114e-08, 0.999998, -9.68892e-11, -1, -4.37113e-08, 8.63677, 11.1295, 24.1394 )
mesh = SubResource( 5 )
material/0 = null

[node name="Objects" type="Node" parent="."]

[node name="ReflectingSphere" type="CSGMesh" parent="Objects"]
transform = Transform( 1, 0, 0, 0, 1, 0, 0, 0, 1, 0.843853, 11.8921, 15.1816 )
visible = false
mesh = SubResource( 6 )
material = SubResource( 7 )

[node name="Table" parent="Objects" instance=ExtResource( 12 )]
transform = Transform( 0.9, 0, 0, 0, 0.9, 0, 0, 0, 0.9, 0.49529, 7.70132, 16.6933 )

[node name="WaterPot" parent="Objects/Table" instance=ExtResource( 44 )]
transform = Transform( -0.395818, 0, -0.0576943, 0, 0.4, 0, 0.0576943, 0, -0.395818, 0.464918, 1.47097, 0.35755 )

[node name="MeshInstance2" type="MeshInstance" parent="Objects/Table"]
transform = Transform( 1, 0, 0, 0, 1, 0, 0, 0, 1, -0.672245, 1.04979, 0.282887 )
mesh = SubResource( 8 )
material/0 = null

[node name="MeshInstance" type="MeshInstance" parent="Objects/Table/MeshInstance2"]
transform = Transform( 1, 0, 0, 0, 1, 0, 0, 0, 1, 0.172098, 0.21049, 0.0966263 )
mesh = SubResource( 9 )
material/0 = null

[node name="MeshInstance2" type="MeshInstance" parent="Objects/Table/MeshInstance2"]
transform = Transform( 1, 0, 0, 0, 1, 0, 0, 0, 1, -0.0199438, 0.280522, -0.106485 )
mesh = SubResource( 10 )
material/0 = null

[node name="MeshInstance3" type="MeshInstance" parent="Objects/Table/MeshInstance2"]
transform = Transform( 1, 0, 0, 0, 1, 0, 0, 0, 1, -0.0619486, 0.134582, 0.254517 )
mesh = SubResource( 11 )
material/0 = null

[node name="MeshInstance4" type="MeshInstance" parent="Objects/Table/MeshInstance2"]
transform = Transform( 1, 0, 0, 0, 1, 0, 0, 0, 1, -0.189409, 0.172868, 0.0414619 )
mesh = SubResource( 12 )
material/0 = null

[node name="TableStalls" type="Spatial" parent="Objects"]
transform = Transform( 1, 0, 0, 0, 1, 0, 0, 0, 1, 0, 0.122316, 0 )

[node name="Stall" parent="Objects/TableStalls" instance=ExtResource( 14 )]
transform = Transform( 1, 0, 0, 0, 1, 0, 0, 0, 1, -2.3666, 7.5, 15.1141 )

[node name="Stall5" parent="Objects/TableStalls" instance=ExtResource( 14 )]
transform = Transform( 1, 0, 0, 0, 1, 0, 0, 0, 1, 1.85007, 7.5, 32.1107 )

[node name="Stall2" parent="Objects/TableStalls" instance=ExtResource( 14 )]
transform = Transform( 1, 0, 0, 0, 1, 0, 0, 0, 1, -2.30672, 7.5, 18 )

[node name="Stall4" parent="Objects/TableStalls" instance=ExtResource( 14 )]
transform = Transform( 1, 0, 0, 0, 1, 0, 0, 0, 1, 2.05522, 7.5, 14.9489 )

[node name="Stall3" parent="Objects/TableStalls" instance=ExtResource( 14 )]
transform = Transform( 1, 0, 0, 0, 1, 0, 0, 0, 1, 3.03988, 7.5, 18 )

[node name="BarStalls" type="Spatial" parent="Objects"]
transform = Transform( 1, 0, 0, 0, 1, 0, 0, 0, 1, -5.30382, 7.71115, 8.52926 )

[node name="StallRed" parent="Objects/BarStalls" instance=ExtResource( 19 )]
transform = Transform( 1, 0, 0, 0, 1, 0, 0, 0, 1, 0.608, -0.103455, -0.687 )

[node name="StallRed5" parent="Objects/BarStalls" instance=ExtResource( 19 )]
transform = Transform( 0.96197, 0, -0.273153, 0, 1, 0, 0.273153, 0, 0.96197, 0.531236, -0.113695, -4.58777 )

[node name="StallRed4" parent="Objects/BarStalls" instance=ExtResource( 19 )]
transform = Transform( 1, 0, 0, 0, 1, 0, 0, 0, 1, 5.24205, -0.0879183, 22.7172 )

[node name="StallRed2" parent="Objects/BarStalls" instance=ExtResource( 19 )]
transform = Transform( 0.941476, 0, -0.337079, 0, 1, 0, 0.337079, 0, 0.941476, 3.15625, -0.127757, 1.77565 )

[node name="StallRed3" parent="Objects/BarStalls" instance=ExtResource( 19 )]
transform = Transform( 0.861, 0, 0.508606, 0, 1, 0, -0.508606, 0, 0.861, 5.40051, -0.0801687, 1.75665 )

[node name="PictureFrame" parent="Objects" instance=ExtResource( 13 )]
transform = Transform( -0.996195, -0.0871557, -3.89414e-07, -0.0871557, 0.996195, 8.02104e-14, 3.87933e-07, 3.39398e-08, -1, 5.87402, 12.525, 10.3411 )

[node name="TVStand" parent="Objects" instance=ExtResource( 15 )]
transform = Transform( 1, 0, 0, 0, 1, 0, 0, 0, 1, -4.387, 8.25595, 22.5 )

[node name="Curtain" parent="Objects" instance=ExtResource( 16 )]
transform = Transform( 1, 0, 0, 0, 1, 0, 0, 0, 1, 8, 9.638, 23.76 )

[node name="BookShelf" parent="Objects" instance=ExtResource( 21 )]
transform = Transform( 1, 0, 0, 0, 1, 0, 0, 0, 1, -5.08488, 6, 17.55 )

[node name="Book" parent="Objects/BookShelf" instance=ExtResource( 28 )]
transform = Transform( -0.270046, 0, 0.962847, 0, 1, 0, -0.962847, 0, -0.270046, 0.14299, 3.36883, 0.142 )

[node name="AmbientObjects" type="Node" parent="Objects"]

[node name="Wind" parent="Objects/AmbientObjects" instance=ExtResource( 17 )]
transform = Transform( 1, 0, 0, 0, 1, 0, 0, 0, 1, 6.95944, 11, 26 )
dir = Vector3( 0, 0, -1 )
speed = 1.5
length = 5.0
blow = true

[node name="Wind2" parent="Objects/AmbientObjects" instance=ExtResource( 17 )]
transform = Transform( 1, 0, 0, 0, 1, 0, 0, 0, 1, 7.01246, 11.8054, 26 )
dir = Vector3( 0, 0, -1 )
speed = 1.5
length = 5.0
blow = true

[node name="Wind3" parent="Objects/AmbientObjects" instance=ExtResource( 17 )]
transform = Transform( 1, 0, 0, 0, 1, 0, 0, 0, 1, 7.01445, 11.147, 26 )
dir = Vector3( 0, 0, -1 )
speed = 0.9
length = 5.0
blow = true

[node name="Wind4" parent="Objects/AmbientObjects" instance=ExtResource( 17 )]
transform = Transform( 1, 0, 0, 0, 1, 0, 0, 0, 1, 7.44122, 11.6599, 26.7317 )
dir = Vector3( 0, 0, -1 )
speed = 0.3
length = 6.0
blow = true

[node name="BarGate" parent="Objects" instance=ExtResource( 24 )]
transform = Transform( 1, 0, 0, 0, 1, 0, 0, 0, 1, 2.512, 8.56, 8.75 )

[node name="SlideDoorFront" parent="Objects" instance=ExtResource( 29 )]
transform = Transform( 1, 0, 0, 0, 1, 0, 0, 0, 1, 0.953664, 9.37772, 24.1219 )

[node name="SlideDoorBack" parent="Objects" instance=ExtResource( 29 )]
transform = Transform( -1.62921e-07, 0, 1, 0, 1, 0, -1, 0, -1.62921e-07, -10.1558, 9.37772, 2.88193 )

[node name="IceCreamRefrigerator" parent="Objects" instance=ExtResource( 31 )]
transform = Transform( 0.0246457, 0, 1.29973, 0, 1.2, 0, -1.19975, 0, 0.0266995, -9.01889, 6, 0.0717242 )

[node name="Gachapon" parent="Objects" instance=ExtResource( 32 )]
transform = Transform( 0.139443, 0, -1.19187, 0, 1.2, 0, 1.19187, 0, 0.139443, -11.3862, 6, 1.27765 )

[node name="Gachapon2" parent="Objects" instance=ExtResource( 32 )]
transform = Transform( -0.056381, 0, -1.19867, 0, 1.2, 0, 1.19867, 0, -0.056381, -11.3862, 6, 3.33895 )

[node name="GoldenGodetue" parent="Objects" instance=ExtResource( 35 )]
transform = Transform( -0.8, 0, -2.60673e-07, 0, 0.8, 0, 2.60673e-07, 0, -0.8, 8.28129, 8.70706, 10.9927 )

[node name="BarSmallProps" type="Spatial" parent="Objects"]
transform = Transform( 0.686249, 0, -0.727366, 0, 1, 0, 0.727366, 0, 0.686249, -0.10278, 12.3792, 8 )
__meta__ = {
"_editor_description_": ""
}

[node name="HangingGlass" parent="Objects/BarSmallProps" instance=ExtResource( 34 )]
string_length = 0.8
type = "Bird"
sway_intensity = 100.0

[node name="HangingGlass2" parent="Objects/BarSmallProps" instance=ExtResource( 34 )]
transform = Transform( -0.99324, 0, -0.116085, 0, 1, 0, 0.116085, 0, -0.99324, 0.210679, -0.033, -0.223301 )
string_length = 1.0
type = "Crystal"
sway_intensity = 100.0

[node name="HangingGlass3" parent="Objects/BarSmallProps" instance=ExtResource( 34 )]
transform = Transform( -0.99324, 0, -0.116085, 0, 1, 0, 0.116085, 0, -0.99324, -0.333518, -0.0319996, 0.3535 )
string_length = 1.1
type = "Crystal"
sway_intensity = 100.0

[node name="HangingGlass4" parent="Objects/BarSmallProps" instance=ExtResource( 34 )]
transform = Transform( -0.99324, 0, -0.116085, 0, 1, 0, 0.116085, 0, -0.99324, 0.417926, -0.026, -0.442966 )
string_length = 1.15
type = "Crystal"
sway_intensity = 100.0

[node name="HangingGlass7" parent="Objects/BarSmallProps" instance=ExtResource( 34 )]
transform = Transform( -0.99324, 0, -0.116085, 0, 1, 0, 0.116085, 0, -0.99324, -0.20313, -0.00500011, 0.215301 )
string_length = 1.5
type = "Crystal"
sway_intensity = 100.0

[node name="HangingGlass6" parent="Objects/BarSmallProps" instance=ExtResource( 34 )]
transform = Transform( -0.99324, 0, -0.116085, 0, 1, 0, 0.116085, 0, -0.99324, 0.314989, -0.0179996, -0.333861 )
string_length = 0.6
type = "Crystal"
sway_intensity = 100.0

[node name="HangingGlass8" parent="Objects/BarSmallProps" instance=ExtResource( 34 )]
transform = Transform( -0.99324, 0, -0.116085, 0, 1, 0, 0.116085, 0, -0.99324, 0.548314, -0.0179996, -0.581166 )
string_length = 0.44
type = "Crystal"
sway_intensity = 100.0

[node name="HangingGlass5" parent="Objects/BarSmallProps" instance=ExtResource( 34 )]
transform = Transform( -0.99324, 0, -0.116085, 0, 1, 0, 0.116085, 0, -0.99324, -0.540765, -0.0229998, 0.573165 )
string_length = 0.9
type = "Crystal"
sway_intensity = 100.0

[node name="MeshInstance3" type="MeshInstance" parent="Objects/BarSmallProps"]
transform = Transform( 0.617625, 0, 0.65463, 0, 0.9, 0, -0.65463, 0, 0.617625, -1.06192, -3.73307, 1.78575 )
mesh = SubResource( 13 )
material/0 = null

[node name="MeshInstance" type="MeshInstance" parent="Objects/BarSmallProps/MeshInstance3"]
transform = Transform( 0.999999, 0, 9.23706e-14, 0, 0.999999, 0, -9.23706e-14, 0, 0.999999, 0.453413, 0.177356, -0.0672321 )
mesh = SubResource( 12 )
material/0 = null

[node name="MeshInstance2" type="MeshInstance" parent="Objects/BarSmallProps/MeshInstance3"]
transform = Transform( 0.999999, 0, 1.20792e-13, 0, 0.999999, 0, -1.20792e-13, 0, 0.999999, -0.354297, 0.177356, -0.0730963 )
mesh = SubResource( 12 )
material/0 = null

[node name="MeshInstance3" type="MeshInstance" parent="Objects/BarSmallProps/MeshInstance3"]
transform = Transform( 0.999999, 0, 9.23706e-14, 0, 0.999999, 0, -9.23706e-14, 0, 0.999999, 0.181798, 0.177356, -0.0650692 )
mesh = SubResource( 12 )
material/0 = null

[node name="MeshInstance4" type="MeshInstance" parent="Objects/BarSmallProps/MeshInstance3"]
transform = Transform( 0.999999, 0, 1.13687e-13, 0, 0.999999, 0, -1.13687e-13, 0, 0.999999, -0.0885224, 0.177356, -0.0827951 )
mesh = SubResource( 12 )
material/0 = null

[node name="MeshInstance8" type="MeshInstance" parent="Objects/BarSmallProps/MeshInstance3"]
transform = Transform( 0.999999, 0, 1.20792e-13, 0, 0.999999, 0, -1.20792e-13, 0, 0.999999, 0.379738, 0.177356, 0.153426 )
mesh = SubResource( 12 )
material/0 = null

[node name="MeshInstance7" type="MeshInstance" parent="Objects/BarSmallProps/MeshInstance3"]
transform = Transform( 0.999999, 0, 1.49214e-13, 0, 0.999998, 0, -1.49214e-13, 0, 0.999999, -0.427973, 0.177356, 0.147562 )
mesh = SubResource( 12 )
material/0 = null

[node name="MeshInstance6" type="MeshInstance" parent="Objects/BarSmallProps/MeshInstance3"]
transform = Transform( 0.999999, 0, 1.20792e-13, 0, 0.999999, 0, -1.20792e-13, 0, 0.999999, 0.108123, 0.177356, 0.155589 )
mesh = SubResource( 12 )
material/0 = null

[node name="MeshInstance5" type="MeshInstance" parent="Objects/BarSmallProps/MeshInstance3"]
transform = Transform( 0.999999, 0, 1.35003e-13, 0, 0.999998, 0, -1.35003e-13, 0, 0.999999, -0.162198, 0.177356, 0.137863 )
mesh = SubResource( 12 )
material/0 = null

[node name="WaterPot2" parent="Objects/BarSmallProps" instance=ExtResource( 44 )]
transform = Transform( -0.108118, 0, -0.168257, 0, 0.2, 0, 0.168257, 0, -0.108118, -0.467899, -3.47464, 1.09998 )

[node name="Bench" parent="Objects" instance=ExtResource( 36 )]
transform = Transform( 0.0355156, 0, -1.19947, 0, 1.2, 0, 1.19947, 0, 0.0355156, -10.8494, 6, 8.18235 )

[node name="Signature" parent="Objects/Bench" instance=ExtResource( 37 )]
transform = Transform( 0.277163, -0.960822, -1.56538e-07, 0, -1.62921e-07, 0.999999, -0.960822, -0.277163, -4.51557e-08, 3.73794, 1.16276, 0.649636 )

[node name="Bottle" parent="Objects" instance=ExtResource( 38 )]
transform = Transform( 0.1, 0, 0, 0, 0.1, 0, 0, 0, 0.1, 1.20177, 8.625, 8.76759 )

[node name="Bottle2" parent="Objects" instance=ExtResource( 38 )]
transform = Transform( 0.0792215, 0, 0.0610242, 0, 0.1, 0, -0.0610242, 0, 0.0792215, 1.86519, 8.625, 8.52912 )

[node name="CrateStatic" parent="Objects" instance=ExtResource( 40 )]
transform = Transform( -0.862781, 0, 0.505577, 0, 1, 0, -0.505577, 0, -0.862781, -12.0219, 6, 14.4141 )

[node name="Bottle6" parent="Objects/CrateStatic" instance=ExtResource( 38 )]
transform = Transform( -0.0366227, 0.0929994, 0.0031505, -0.00127216, 0.002885, -0.0999503, -0.093044, -0.0366445, 0.000126535, -0.746985, 0.192448, 0.351314 )

[node name="CrateStatic2" parent="Objects" instance=ExtResource( 40 )]
transform = Transform( 0.993238, 0, -0.116093, 0, 1, 0, 0.116093, 0, 0.993238, 8.384, 6, 4.182 )

[node name="Bottle5" parent="Objects/CrateStatic2" instance=ExtResource( 38 )]
transform = Transform( -1.62921e-08, 0.1, 0, -0.1, -1.62921e-08, 0, -1.55431e-15, -3.72529e-09, 0.1, -0.128365, 0.1933, -0.480428 )

[node name="Clock" parent="Objects" instance=ExtResource( 41 )]
transform = Transform( -1.62921e-07, 1, 0, -1, -1.62921e-07, 0, 0, 0, 1, -5.9107, 13.3824, 18.0263 )

[node name="PlantPot" parent="Objects" instance=ExtResource( 43 )]
transform = Transform( -0.590439, 0, -0.106684, 0, 0.6, 0, 0.106684, 0, -0.590439, -8.65354, 5.98058, 14.9732 )

[node name="BeverageRefrigerator" parent="Objects" instance=ExtResource( 27 )]
transform = Transform( 1, 0, 0, 0, 1, 0, 0, 0, 1, -8.65896, 6.50014, 12.6451 )

[node name="Stand" parent="Objects" instance=ExtResource( 22 )]
transform = Transform( 1, 0, 0, 0, 1, 0, 0, 0, 1, -9.27734, 5.97481, 9.60632 )

[node name="Row" type="Spatial" parent="Objects/Stand"]
transform = Transform( 1, 0, 0, 0, 1, 0, 0, 0, 1, 0, 0, 0.0460606 )

[node name="MeshInstance" type="MeshInstance" parent="Objects/Stand/Row"]
transform = Transform( 1, 0, 0, 0, 1, 0, 0, 0, 1, 0.777397, 0.715646, 0.958735 )
mesh = SubResource( 19 )
material/0 = null

[node name="MeshInstance2" type="MeshInstance" parent="Objects/Stand/Row"]
transform = Transform( 0.999501, 0, -0.0316027, 0, 1, 0, 0.0316027, 0, 0.999501, 0.599771, 0.715646, 0.985703 )
mesh = SubResource( 19 )
material/0 = null

[node name="MeshInstance3" type="MeshInstance" parent="Objects/Stand/Row"]
transform = Transform( 0.999039, 0, -0.0438286, 0, 1, 0, 0.0438286, 0, 0.999039, 0.43543, 0.715646, 0.985703 )
mesh = SubResource( 19 )
material/0 = null

[node name="MeshInstance4" type="MeshInstance" parent="Objects/Stand/Row"]
transform = Transform( 0.999696, 0, -0.0246416, 0, 1, 0, 0.0246416, 0, 0.999696, 0.258983, 0.715646, 0.985703 )
mesh = SubResource( 19 )
material/0 = null

[node name="MeshInstance5" type="MeshInstance" parent="Objects/Stand/Row"]
transform = Transform( 0.999696, 0, -0.0246416, 0, 1, 0, 0.0246416, 0, 0.999696, 0.0892668, 0.715646, 0.985703 )
mesh = SubResource( 19 )
material/0 = null

[node name="MeshInstance6" type="MeshInstance" parent="Objects/Stand/Row"]
transform = Transform( 0.999696, 0, -0.0246416, 0, 1, 0, 0.0246416, 0, 0.999696, -0.0782814, 0.715646, 0.985703 )
mesh = SubResource( 19 )
material/0 = null

[node name="MeshInstance7" type="MeshInstance" parent="Objects/Stand/Row"]
transform = Transform( 0.999696, 0, -0.0246416, 0, 1, 0, 0.0246416, 0, 0.999696, -0.267818, 0.715646, 0.985703 )
mesh = SubResource( 19 )
material/0 = null

[node name="Row2" type="Spatial" parent="Objects/Stand"]
transform = Transform( 1, 0, 0, 0, 1, 0, 0, 0, 1, 0, 0, -0.615919 )

[node name="MeshInstance" type="MeshInstance" parent="Objects/Stand/Row2"]
transform = Transform( 0.999612, 0, 0.0278518, 0, 1, 0, -0.0278518, 0, 0.999612, 0.797693, 0.715646, 0.985703 )
mesh = SubResource( 19 )
material/0 = null

[node name="MeshInstance2" type="MeshInstance" parent="Objects/Stand/Row2"]
transform = Transform( 0.999501, 0, -0.0316027, 0, 1, 0, 0.0316027, 0, 0.999501, 0.599771, 0.715646, 0.985703 )
mesh = SubResource( 19 )
material/0 = null

[node name="MeshInstance3" type="MeshInstance" parent="Objects/Stand/Row2"]
transform = Transform( 0.999039, 0, -0.0438286, 0, 1, 0, 0.0438286, 0, 0.999039, 0.43543, 0.715646, 0.985703 )
mesh = SubResource( 19 )
material/0 = null

[node name="MeshInstance4" type="MeshInstance" parent="Objects/Stand/Row2"]
transform = Transform( 0.999696, 0, -0.0246416, 0, 1, 0, 0.0246416, 0, 0.999696, 0.258983, 0.715646, 0.985703 )
mesh = SubResource( 19 )
material/0 = null

[node name="MeshInstance5" type="MeshInstance" parent="Objects/Stand/Row2"]
transform = Transform( 0.999696, 0, -0.0246416, 0, 1, 0, 0.0246416, 0, 0.999696, 0.0892668, 0.715646, 0.985703 )
mesh = SubResource( 19 )
material/0 = null

[node name="MeshInstance6" type="MeshInstance" parent="Objects/Stand/Row2"]
transform = Transform( 0.999696, 0, -0.0246416, 0, 1, 0, 0.0246416, 0, 0.999696, -0.0782814, 0.715646, 0.985703 )
mesh = SubResource( 19 )
material/0 = null

[node name="MeshInstance7" type="MeshInstance" parent="Objects/Stand/Row2"]
transform = Transform( 0.999696, 0, -0.0246416, 0, 1, 0, 0.0246416, 0, 0.999696, -0.267818, 0.715646, 0.985703 )
mesh = SubResource( 19 )
material/0 = null

[node name="Row3" type="Spatial" parent="Objects/Stand"]
transform = Transform( 1, 0, 0, 0, 1, 0, 0, 0, 1, 0, 0, -1.28443 )

[node name="MeshInstance" type="MeshInstance" parent="Objects/Stand/Row3"]
transform = Transform( 0.996826, 0, -0.0796074, 0, 1, 0, 0.0796074, 0, 0.996826, 0.790895, 0.715646, 1.00642 )
mesh = SubResource( 19 )
material/0 = null

[node name="MeshInstance2" type="MeshInstance" parent="Objects/Stand/Row3"]
transform = Transform( 0.999501, 0, -0.0316027, 0, 1, 0, 0.0316027, 0, 0.999501, 0.599771, 0.715646, 0.985703 )
mesh = SubResource( 19 )
material/0 = null

[node name="MeshInstance3" type="MeshInstance" parent="Objects/Stand/Row3"]
transform = Transform( 0.999039, 0, -0.0438286, 0, 1, 0, 0.0438286, 0, 0.999039, 0.43543, 0.715646, 0.985703 )
mesh = SubResource( 19 )
material/0 = null

[node name="MeshInstance4" type="MeshInstance" parent="Objects/Stand/Row3"]
transform = Transform( 0.999696, 0, -0.0246416, 0, 1, 0, 0.0246416, 0, 0.999696, 0.258983, 0.715646, 0.985703 )
mesh = SubResource( 19 )
material/0 = null

[node name="MeshInstance5" type="MeshInstance" parent="Objects/Stand/Row3"]
transform = Transform( 0.999696, 0, -0.0246416, 0, 1, 0, 0.0246416, 0, 0.999696, 0.0892668, 0.715646, 0.985703 )
mesh = SubResource( 19 )
material/0 = null

[node name="MeshInstance6" type="MeshInstance" parent="Objects/Stand/Row3"]
transform = Transform( 0.999696, 0, -0.0246416, 0, 1, 0, 0.0246416, 0, 0.999696, -0.0782814, 0.715646, 0.985703 )
mesh = SubResource( 19 )
material/0 = null

[node name="MeshInstance7" type="MeshInstance" parent="Objects/Stand/Row3"]
transform = Transform( 0.999696, 0, -0.0246416, 0, 1, 0, 0.0246416, 0, 0.999696, -0.267818, 0.715646, 0.985703 )
mesh = SubResource( 19 )
material/0 = null

[node name="Row4" type="Spatial" parent="Objects/Stand"]
transform = Transform( 1, 0, 0, 0, 1, 0, 0, 0, 1, 0, 0, -1.89705 )

[node name="MeshInstance" type="MeshInstance" parent="Objects/Stand/Row4"]
transform = Transform( 1, 0, 0, 0, 1, 0, 0, 0, 1, 0.768579, 0.715646, 0.933764 )
mesh = SubResource( 19 )
material/0 = null

[node name="MeshInstance2" type="MeshInstance" parent="Objects/Stand/Row4"]
transform = Transform( 0.999501, 0, -0.0316027, 0, 1, 0, 0.0316027, 0, 0.999501, 0.599771, 0.715646, 0.985703 )
mesh = SubResource( 19 )
material/0 = null

[node name="MeshInstance3" type="MeshInstance" parent="Objects/Stand/Row4"]
transform = Transform( 0.999039, 0, -0.0438286, 0, 1, 0, 0.0438286, 0, 0.999039, 0.43543, 0.715646, 0.985703 )
mesh = SubResource( 19 )
material/0 = null

[node name="MeshInstance4" type="MeshInstance" parent="Objects/Stand/Row4"]
transform = Transform( 0.999696, 0, -0.0246416, 0, 1, 0, 0.0246416, 0, 0.999696, 0.258983, 0.715646, 0.985703 )
mesh = SubResource( 19 )
material/0 = null

[node name="MeshInstance5" type="MeshInstance" parent="Objects/Stand/Row4"]
transform = Transform( 0.999696, 0, -0.0246416, 0, 1, 0, 0.0246416, 0, 0.999696, 0.0892668, 0.715646, 0.985703 )
mesh = SubResource( 19 )
material/0 = null

[node name="MeshInstance6" type="MeshInstance" parent="Objects/Stand/Row4"]
transform = Transform( 0.999696, 0, -0.0246416, 0, 1, 0, 0.0246416, 0, 0.999696, -0.0782814, 0.715646, 0.985703 )
mesh = SubResource( 19 )
material/0 = null

[node name="MeshInstance7" type="MeshInstance" parent="Objects/Stand/Row4"]
transform = Transform( 0.999696, 0, -0.0246416, 0, 1, 0, 0.0246416, 0, 0.999696, -0.267818, 0.715646, 0.985703 )
mesh = SubResource( 19 )
material/0 = null

[node name="Row8" type="Spatial" parent="Objects/Stand"]
transform = Transform( 1, 0, 0, 0, 1, 0, 0, 0, 1, 0, 1.3375, 0.0460606 )

[node name="MeshInstance" type="MeshInstance" parent="Objects/Stand/Row8"]
transform = Transform( 1, 0, 0, 0, 1, 0, 0, 0, 1, 0.777397, 0.715646, 0.958735 )
mesh = SubResource( 19 )
material/0 = null

[node name="MeshInstance2" type="MeshInstance" parent="Objects/Stand/Row8"]
transform = Transform( 0.999501, 0, -0.0316027, 0, 1, 0, 0.0316027, 0, 0.999501, 0.599771, 0.715646, 0.985703 )
mesh = SubResource( 19 )
material/0 = null

[node name="MeshInstance3" type="MeshInstance" parent="Objects/Stand/Row8"]
transform = Transform( 0.999039, 0, -0.0438286, 0, 1, 0, 0.0438286, 0, 0.999039, 0.43543, 0.715646, 0.985703 )
mesh = SubResource( 19 )
material/0 = null

[node name="MeshInstance4" type="MeshInstance" parent="Objects/Stand/Row8"]
transform = Transform( 0.999696, 0, -0.0246416, 0, 1, 0, 0.0246416, 0, 0.999696, 0.258983, 0.715646, 0.985703 )
mesh = SubResource( 19 )
material/0 = null

[node name="MeshInstance5" type="MeshInstance" parent="Objects/Stand/Row8"]
transform = Transform( 0.999696, 0, -0.0246416, 0, 1, 0, 0.0246416, 0, 0.999696, 0.0892668, 0.715646, 0.985703 )
mesh = SubResource( 19 )
material/0 = null

[node name="MeshInstance6" type="MeshInstance" parent="Objects/Stand/Row8"]
transform = Transform( 0.999696, 0, -0.0246416, 0, 1, 0, 0.0246416, 0, 0.999696, -0.0782814, 0.715646, 0.985703 )
mesh = SubResource( 19 )
material/0 = null

[node name="MeshInstance7" type="MeshInstance" parent="Objects/Stand/Row8"]
transform = Transform( 0.999696, 0, -0.0246416, 0, 1, 0, 0.0246416, 0, 0.999696, -0.267818, 0.715646, 0.985703 )
mesh = SubResource( 19 )
material/0 = null

[node name="Row7" type="Spatial" parent="Objects/Stand"]
transform = Transform( 1, 0, 0, 0, 1, 0, 0, 0, 1, 0, 1.33881, -0.615919 )

[node name="MeshInstance" type="MeshInstance" parent="Objects/Stand/Row7"]
transform = Transform( 0.999612, 0, 0.0278518, 0, 1, 0, -0.0278518, 0, 0.999612, 0.797693, 0.715646, 0.985703 )
mesh = SubResource( 19 )
material/0 = null

[node name="MeshInstance2" type="MeshInstance" parent="Objects/Stand/Row7"]
transform = Transform( 0.999501, 0, -0.0316027, 0, 1, 0, 0.0316027, 0, 0.999501, 0.599771, 0.715646, 0.985703 )
mesh = SubResource( 19 )
material/0 = null

[node name="MeshInstance3" type="MeshInstance" parent="Objects/Stand/Row7"]
transform = Transform( 0.999039, 0, -0.0438286, 0, 1, 0, 0.0438286, 0, 0.999039, 0.43543, 0.715646, 0.985703 )
mesh = SubResource( 19 )
material/0 = null

[node name="MeshInstance4" type="MeshInstance" parent="Objects/Stand/Row7"]
transform = Transform( 0.999696, 0, -0.0246416, 0, 1, 0, 0.0246416, 0, 0.999696, 0.258983, 0.715646, 0.985703 )
mesh = SubResource( 19 )
material/0 = null

[node name="MeshInstance5" type="MeshInstance" parent="Objects/Stand/Row7"]
transform = Transform( 0.999696, 0, -0.0246416, 0, 1, 0, 0.0246416, 0, 0.999696, 0.0892668, 0.715646, 0.985703 )
mesh = SubResource( 19 )
material/0 = null

[node name="MeshInstance6" type="MeshInstance" parent="Objects/Stand/Row7"]
transform = Transform( 0.999696, 0, -0.0246416, 0, 1, 0, 0.0246416, 0, 0.999696, -0.0782814, 0.715646, 0.985703 )
mesh = SubResource( 19 )
material/0 = null

[node name="MeshInstance7" type="MeshInstance" parent="Objects/Stand/Row7"]
transform = Transform( 0.999696, 0, -0.0246416, 0, 1, 0, 0.0246416, 0, 0.999696, -0.267818, 0.715646, 0.985703 )
mesh = SubResource( 19 )
material/0 = null

[node name="Row6" type="Spatial" parent="Objects/Stand"]
transform = Transform( 1, 0, 0, 0, 1, 0, 0, 0, 1, 0, 1.33654, -1.28443 )

[node name="MeshInstance" type="MeshInstance" parent="Objects/Stand/Row6"]
transform = Transform( 0.996826, 0, -0.0796074, 0, 1, 0, 0.0796074, 0, 0.996826, 0.790895, 0.715646, 1.00642 )
mesh = SubResource( 19 )
material/0 = null

[node name="MeshInstance2" type="MeshInstance" parent="Objects/Stand/Row6"]
transform = Transform( 0.999501, 0, -0.0316027, 0, 1, 0, 0.0316027, 0, 0.999501, 0.599771, 0.715646, 0.985703 )
mesh = SubResource( 19 )
material/0 = null

[node name="MeshInstance3" type="MeshInstance" parent="Objects/Stand/Row6"]
transform = Transform( 0.999039, 0, -0.0438286, 0, 1, 0, 0.0438286, 0, 0.999039, 0.43543, 0.715646, 0.985703 )
mesh = SubResource( 19 )
material/0 = null

[node name="MeshInstance4" type="MeshInstance" parent="Objects/Stand/Row6"]
transform = Transform( 0.999696, 0, -0.0246416, 0, 1, 0, 0.0246416, 0, 0.999696, 0.258983, 0.715646, 0.985703 )
mesh = SubResource( 19 )
material/0 = null

[node name="MeshInstance5" type="MeshInstance" parent="Objects/Stand/Row6"]
transform = Transform( 0.999696, 0, -0.0246416, 0, 1, 0, 0.0246416, 0, 0.999696, 0.0892668, 0.715646, 0.985703 )
mesh = SubResource( 19 )
material/0 = null

[node name="MeshInstance6" type="MeshInstance" parent="Objects/Stand/Row6"]
transform = Transform( 0.999696, 0, -0.0246416, 0, 1, 0, 0.0246416, 0, 0.999696, -0.0782814, 0.715646, 0.985703 )
mesh = SubResource( 19 )
material/0 = null

